3.727387398580176
1.7010345625593577
-4.5174517406714365
-0.4673042909719273
-1.2711421108975596
4.557909653755624
-0.8890996215132405
-0.7688046626299816
-0.7867047840918656
-0.79426231758238
-0.8485259757418978
-1.995359653472672
-2.147576914703717
-1.673466897431713
-4.432291839246544
-0.09837433350827664
-2.038620242599916
-0.7381712073019733
4.156718956196278
5.292518871622095
-2.806169999099203
3.1161221590156423
-0.8191882924961712
-0.9995601055212672
-4.935912866238968
-2.8255843850611435
3.414779946491407
-2.2364179705121447
0.15715811893477685
3.585606319680825
1.305962757452745
6.423424133876429
-1.7081068319089645
0.34921377613172366
-1.1693922193905686
-0.9625613402762806
5.557864662100741
-3.8400592575259473
3.1880208410544784
-1.077093228683874
-1.713921166454549
-1.033162945349675
-0.10854904680090129
0.2725589637922384
