-1.3698260558894213
-0.28172530315764455
0.4509810237835886
0.9283789132882662
2.086232841669123
-1.062875114056572
3.7164365621235804
-1.2434356317781632
-0.4288311011138965
-1.0348189826252405
3.787188870347111
-4.546524210128809
-1.737599456560076
-1.5668728602232895
3.981591226249942
-3.1060712743350996
-1.7820925231405436
-4.743345187326227
-0.10706104690463579
0.43634778322537116
2.4911156027323695
2.483372233925752
-1.278423619356371
-3.299592667237639
-4.161886544255107
-1.8220291428177362
-2.2567755859317793
5.038972618751643
-1.4402998818717647
3.9382893406701265
-2.606642352982898
0.6926823033151356
-0.7150950024383769
-1.271190479789779
-2.244674428782475
2.6621333127787645
-2.141577424578706
-2.260762216676808
-1.0766360564816815
0.9824234359038513
-1.8248996174985983
0.35520448366493534
-0.4311010608117471
-2.4759032018772804
-0.029323750272126494
-0.2756367982246746
-3.0757918691790627
1.2617917988493301
-1.0282580970851865
0.4195996023888562
4.603045624137333
0.3558328542732087
-0.186671534836648
-1.9692243767979254
2.964887637005866
-0.3313896510605116
-2.701495631651505
-2.8415029925530177
-1.168686207961765
4.4049267366961455
0.584818489274963
-1.89468887667676
0.37938648141061576
1.3335902515594493
-2.555385559197633
1.2110227557673363
2.3526662598185464
-2.0109611714499445
0.6875802804559368
-3.9120013641321627
