-3.2167599269182876
18.28921658230149
3.789253294553192
6.382281314469235
-17.03883534366752
-3.4174427104133396
0.5630143998846792
8.467150119923136
-13.556951013716494
-21.116422932747085
-11.399961208335199
13.08835996163613
-5.733363506291762
19.135495590404926
-5.372718873774349
7.125182908798331
-1.8843709711101175
-1.2476291285447088
-9.082660817564832
18.171546944417045
5.098670669326892
-2.3698253212917266
12.40177752024256
6.483938444162151
-17.915386853762556
0.317661735196475
-17.31475393599222
17.012744743155444
13.026918162731175
12.635472923889784
14.267794463961648
-5.575630670208349
-5.485457787208609
10.955238453427489
11.498439639515597
-8.777573024503539
18.36579916700072
15.302587717060055
18.714157578398734
6.1132341077487355
-4.830824870039558
-11.067949581023244
-17.185384507907962
-2.634214094642171
8.828733654570941
-11.124884732653687
3.745011587125516
13.363176513104241
-16.62312412914142
-5.86601296230609
-0.7593633510916382
-3.6126546910812847
-13.357334051469904
-8.242600659541708
-1.4006761279536033
