-6.475231806122468
-0.566198182524249
4.648629734015973
-5.789505860274735
-6.51655611183649
-8.192120681341835
-3.1058844128747216
2.584708187395258
7.956097095622191
2.812411996942934
4.944990848609007
-7.712775111504953
4.929009792956153
-3.4037778799735263
1.3547820876933077
4.721118610914951
7.095738228792866
-7.435918482306343
-3.013750798138248
10.103501611271476
5.145950932612708
12.635316383027565
-2.1466628870552187
-0.6402820148528937
-4.136558297628478
5.887118205291939
11.724063187354924
0.3930990244387613
-6.116219282456611
-0.7385032764484291
-2.3610436078461405
-4.09504299003649
-4.378236653416675
-3.2536569343896025
-0.5075696433046055
-4.212501036077395
4.144805242737489
-9.95554443690562
3.7682180984149443
-0.08527495327186309
-2.2802736854038805
-3.924967401853233
-8.298444719315205
-7.680609088106399
4.978153595187431
0.2566148518494296
-5.207055659268328
-4.8828287190646655
-0.3450533705080352
-6.224522983659242
-6.094011793202783
-11.632404364261925
8.421131264651686
-5.724634817301524
-1.3761599831669005
5.864379653445272
5.2847695014909
-4.70379092999785
-6.065371300638847
-0.18590984431935179
1.3732894033807308
-2.5555469822301218
-3.5169124092310797
9.17993246926802
0.8120458704113009
-3.8547893855051902
-10.738088601305577
4.312923125278392
-4.5974405340793405
-2.2891260722201348
